<?xml version="1.0" standalone="no"?>
<!DOCTYPE svg PUBLIC "-//W3C//DTD SVG 20010904//EN"
 "http://www.w3.org/TR/2001/REC-SVG-20010904/DTD/svg10.dtd">
<svg version="1.0" xmlns="http://www.w3.org/2000/svg"
 width="1024.000000pt" height="1024.000000pt" viewBox="0 0 1024.000000 1024.000000"
 preserveAspectRatio="xMidYMid meet">

<g transform="translate(0.000000,1024.000000) scale(0.100000,-0.100000)"
fill="#000000" stroke="none">
<path d="M4702 8860 c-55 -12 -99 -39 -150 -94 -62 -68 -76 -101 -76 -181 0
-76 20 -130 66 -172 l24 -22 -596 -598 -595 -598 -28 22 c-82 66 -203 53 -302
-32 -30 -26 -55 -51 -55 -57 0 -6 7 -5 18 3 15 11 15 11 4 -1 -7 -8 -18 -15
-25 -15 -17 0 -46 -63 -53 -117 -4 -29 0 -65 11 -104 16 -59 20 -62 558 -602
380 -380 555 -549 585 -564 60 -29 153 -28 212 2 56 28 135 103 161 152 40 79
33 179 -18 246 l-25 33 191 195 c115 117 189 200 185 207 -4 7 -4 9 1 5 4 -4
13 -4 19 2 8 6 58 -40 161 -149 595 -626 968 -1010 977 -1004 7 3 8 1 4 -6 -9
-14 421 -464 435 -455 5 3 7 -1 4 -8 -3 -7 74 -93 173 -194 219 -224 244 -239
397 -239 81 1 109 5 148 23 58 26 150 110 143 129 -3 8 -1 11 4 8 6 -4 23 20
37 52 53 114 32 262 -51 361 -16 18 -222 204 -460 415 -237 210 -516 457 -619
550 -107 95 -193 165 -199 161 -6 -4 -8 -3 -5 3 9 15 -59 77 -75 68 -7 -5 -10
-4 -5 0 4 5 -9 26 -30 47 -37 38 -67 53 -42 21 13 -16 12 -17 -3 -4 -10 7 -16
16 -13 20 8 14 -92 104 -106 96 -7 -5 -10 -4 -6 2 9 15 -69 87 -84 78 -7 -5
-10 -4 -6 2 9 15 -200 206 -214 197 -7 -4 -9 -3 -6 3 10 15 -128 147 -144 138
-8 -5 -11 -4 -6 0 4 5 -3 19 -15 32 -12 12 -19 24 -17 25 3 2 97 95 211 207
l206 203 22 -22 c58 -58 171 -76 252 -41 24 10 71 48 105 82 95 97 116 185 69
284 -34 70 -1143 1178 -1196 1193 -56 17 -112 21 -158 12z m55 -16 c-3 -3 -12
-4 -19 -1 -8 3 -5 6 6 6 11 1 17 -2 13 -5z m56 -1 c-7 -2 -21 -2 -30 0 -10 3
-4 5 12 5 17 0 24 -2 18 -5z m-373 -606 c0 -2 -10 -12 -22 -23 l-23 -19 19 23
c18 21 26 27 26 19z m1231 -194 c13 -16 12 -17 -3 -4 -10 7 -18 15 -18 17 0 8
8 3 21 -13z m-1641 -217 c0 -2 -8 -10 -17 -17 -16 -13 -17 -12 -4 4 13 16 21
21 21 13z m2027 -328 c-3 -8 -6 -5 -6 6 -1 11 2 17 5 13 3 -3 4 -12 1 -19z
m-2507 -152 c0 -2 -8 -10 -17 -17 -16 -13 -17 -12 -4 4 13 16 21 21 21 13z
m-373 -112 c-3 -3 -12 -4 -19 -1 -8 3 -5 6 6 6 11 1 17 -2 13 -5z m-220 -226
c-3 -8 -6 -5 -6 6 -1 11 2 17 5 13 3 -3 4 -12 1 -19z m2308 -158 c10 -11 16
-20 13 -20 -3 0 -13 9 -23 20 -10 11 -16 20 -13 20 3 0 13 -9 23 -20z m-798
-922 c-3 -8 -6 -5 -6 6 -1 11 2 17 5 13 3 -3 4 -12 1 -19z m1154 -155 c13 -16
12 -17 -3 -4 -10 7 -18 15 -18 17 0 8 8 3 21 -13z m-1423 -50 c-10 -2 -26 -2
-35 0 -10 3 -2 5 17 5 19 0 27 -2 18 -5z m2785 -1200 c-13 -2 -33 -2 -45 0
-13 2 -3 4 22 4 25 0 35 -2 23 -4z"/>
<path d="M2875 5261 c-22 -10 -52 -31 -67 -47 -47 -51 -58 -92 -58 -224 l0
-120 -31 0 c-89 0 -183 -66 -207 -146 -6 -23 -12 -76 -12 -118 l0 -76 1455 0
1455 0 0 85 c0 130 -30 187 -125 231 -27 13 -65 24 -82 24 l-33 0 0 111 c0 62
-5 129 -11 150 -16 52 -61 103 -112 128 -43 21 -49 21 -1088 21 -995 0 -1046
-1 -1084 -19z"/>
<path d="M5106 4250 c-312 -50 -500 -202 -552 -450 -36 -172 18 -351 137 -453
96 -83 219 -132 473 -191 292 -68 378 -106 418 -186 25 -48 23 -133 -2 -186
-49 -100 -218 -153 -399 -125 -147 23 -239 91 -288 212 l-28 69 -187 0 -188 0
0 -27 c0 -15 7 -56 16 -92 56 -226 223 -377 492 -443 120 -30 409 -32 522 -5
242 60 422 228 466 436 62 292 -77 506 -399 617 -39 14 -165 49 -279 79 -317
82 -358 107 -366 212 -3 49 1 66 25 113 23 45 39 61 83 85 48 26 67 30 156 33
197 8 319 -63 356 -205 l10 -43 189 0 189 0 0 31 c0 17 -7 59 -16 93 -53 205
-210 349 -444 406 -98 24 -294 34 -384 20z"/>
<path d="M6890 4231 c-173 -37 -299 -109 -425 -243 -167 -177 -260 -474 -242
-773 28 -464 250 -757 633 -837 132 -27 359 -21 474 12 246 71 432 257 499
500 12 41 21 78 21 82 0 5 -88 8 -195 8 -158 0 -195 -3 -195 -14 0 -7 -16 -45
-35 -84 -66 -130 -166 -193 -321 -200 -232 -11 -378 105 -446 356 -18 64 -21
106 -21 252 -1 150 3 186 21 255 49 178 128 287 251 348 62 30 72 32 176 32
100 0 116 -3 173 -29 81 -37 141 -104 179 -196 l28 -69 188 -3 c215 -3 198
-14 167 106 -30 120 -82 209 -175 302 -114 114 -214 167 -383 200 -100 19
-267 17 -372 -5z"/>
<path d="M3148 4008 c-42 -117 -158 -440 -258 -718 -298 -829 -317 -885 -313
-892 5 -9 307 -11 351 -2 31 6 32 10 99 211 l68 205 50 -6 c28 -3 186 -6 352
-6 l301 0 69 -202 68 -203 203 -3 c126 -1 202 1 202 7 0 6 -4 20 -10 33 -5 13
-135 370 -289 793 -154 424 -298 821 -321 883 l-42 112 -227 0 -227 0 -76
-212z m415 -508 c63 -190 119 -353 122 -362 7 -17 -9 -18 -240 -18 -193 0
-246 3 -243 13 3 6 58 171 123 365 64 194 118 352 120 350 1 -2 54 -158 118
-348z"/>
</g>
</svg>
